14        	102000      	20180204
ES201802040835065453	18521488019    	12000       	20180204083507	0	0	8361
ES201802040926587692	18521485223    	12000       	20180204092658	0	0	8361
ES201802041007347808	18521485323    	12000       	20180204100735	0	0	8361
ES201802041057587148	18521467610    	6000        	20180204105758	0	0	8361
ES201802041203101233	18521493083    	6000        	20180204120310	0	0	8361
ES201802041211219110	18521469885    	6000        	20180204121121	0	0	8361
ES201802041333298696	18521466339    	6000        	20180204133329	0	0	8361
ES201802041501087327	18521467125    	6000        	20180204150108	0	0	8361
ES201802041545025493	18521470668    	6000        	20180204154502	0	0	8361
ES201802041803598203	18521466013    	6000        	20180204180359	0	0	8361
ES201802041859048964	18521469765    	6000        	20180204185904	0	0	8361
ES201802042051373151	18521463309    	6000        	20180204205137	0	0	8361
ES201802042121551925	18521462953    	6000        	20180204212156	0	0	8361
ES201802042222154976	18521490551    	6000        	20180204222215	0	0	8361
