11        	84000       	20180213
ES201802130224407973	18521487336    	6000        	20180213022441	0	0	8361
ES201802131003463316	18521487281    	12000       	20180213100346	0	0	8361
ES201802131213409530	18521488627    	6000        	20180213121340	0	0	8361
ES201802131235388998	18521471398    	6000        	20180213123538	0	0	8361
ES201802131301562323	18521464851    	6000        	20180213130157	0	0	8361
ES201802131332283920	18521489014    	12000       	20180213133229	0	0	8361
ES201802131652372007	18521471406    	6000        	20180213165237	0	0	8361
ES201802132104440493	18521493072    	6000        	20180213210444	0	0	8361
ES201802132147333270	18521489865    	6000        	20180213214733	0	0	8361
ES201802132235504853	18521488217    	6000        	20180213223550	0	0	8361
ES201802132328274710	18521465668    	12000       	20180213232828	0	0	8361
