19        	126000      	20180202
ES201802020958159481	18521470997    	6000        	20180202095815	0	0	8361
ES201802021012592304	18521469683    	6000        	20180202101259	0	0	8361
ES201802021032342638	18521466758    	6000        	20180202103235	0	0	8361
ES201802021115119100	18521463304    	6000        	20180202111511	0	0	8361
ES201802021226121271	18521490967    	12000       	20180202122612	0	0	8361
ES201802021234004107	18521470890    	6000        	20180202123400	0	0	8361
ES201802021411267208	18521488096    	12000       	20180202141126	0	0	8361
ES201802021421200792	18521467001    	6000        	20180202142121	0	0	8361
ES201802021510024238	18521490818    	6000        	20180202151003	0	0	8361
ES201802021521550436	18521488228    	6000        	20180202152155	0	0	8361
ES201802021523401587	18521491985    	6000        	20180202152340	0	0	8361
ES201802021636197102	18521466016    	6000        	20180202163619	0	0	8361
ES201802021707229865	18521470057    	6000        	20180202170723	0	0	8361
ES201802022024165582	18521466510    	6000        	20180202202417	0	0	8361
ES201802022056429502	18521465128    	6000        	20180202205643	0	0	8361
ES201802022157407086	18521466226    	6000        	20180202215740	0	0	8361
ES201802022225286799	18521470053    	6000        	20180202222528	0	0	8361
ES201802022236471988	18521489891    	6000        	20180202223647	0	0	8361
ES201802022327450014	18521472197    	6000        	20180202232745	0	0	8361
