14        	102000      	20180212
ES201802120728555279	18521462858    	6000        	20180212072856	0	0	8361
ES201802120813438105	18521469935    	6000        	20180212081344	0	0	8361
ES201802121229299282	18521470087    	6000        	20180212122930	0	0	8361
ES201802121242410745	18521492571    	6000        	20180212124241	0	0	8361
ES201802121252521297	18521470126    	6000        	20180212125252	0	0	8361
ES201802121642318496	18521490434    	6000        	20180212164231	0	0	8361
ES201802121806436088	18521466548    	6000        	20180212180643	0	0	8361
ES201802121827042507	18521489629    	6000        	20180212182704	0	0	8361
ES201802121845174332	18521464994    	6000        	20180212184517	0	0	8361
ES201802121921559467	18521471772    	12000       	20180212192155	0	0	8361
ES201802122121255702	18521488270    	12000       	20180212212126	0	0	8361
ES201802122128125732	18521488494    	6000        	20180212212813	0	0	8361
ES201802122156306548	18521465644    	6000        	20180212215630	0	0	8361
ES201802122257147372	18521468828    	12000       	20180212225715	0	0	8361
