24        	168000      	20180203
ES201802030118008036	18521491231    	6000        	20180203011800	0	0	8361
ES201802030120466216	18521493679    	6000        	20180203012046	0	0	8361
ES201802030503224221	18521468807    	6000        	20180203050323	0	0	8361
ES201802030953066606	18521464749    	6000        	20180203095307	0	0	8361
ES201802031000046169	18521489773    	12000       	20180203100004	0	0	8361
ES201802031202217807	18521490234    	6000        	20180203120222	0	0	8361
ES201802031303091968	18521488508    	6000        	20180203130309	0	0	8361
ES201802031425540940	18521485328    	12000       	20180203142555	0	0	8361
ES201802031534506282	18521493268    	6000        	20180203153451	0	0	8361
ES201802031649441883	18521470049    	6000        	20180203164944	0	0	8361
ES201802031713550153	18521467874    	6000        	20180203171355	0	0	8361
ES201802031717102932	18521489969    	6000        	20180203171711	0	0	8361
ES201802031729054054	18521490758    	6000        	20180203172906	0	0	8361
ES201802031909237846	18521466017    	12000       	20180203190923	0	0	8361
ES201802031944578853	18521468661    	6000        	20180203194457	0	0	8361
ES201802032016280457	18521491982    	6000        	20180203201628	0	0	8361
ES201802032017277664	18521490405    	6000        	20180203201727	0	0	8361
ES201802032033011311	18521489476    	6000        	20180203203301	0	0	8361
ES201802032117298658	18521493734    	12000       	20180203211729	0	0	8361
ES201802032122132661	18521470661    	6000        	20180203212213	0	0	8361
ES201802032211083720	18521485216    	6000        	20180203221109	0	0	8361
ES201802032211003126	18521490549    	6000        	20180203221100	0	0	8361
ES201802032214223181	18521469896    	6000        	20180203221422	0	0	8361
ES201802032329534282	18521491828    	6000        	20180203232953	0	0	8361
