11        	90000       	20180205
ES201802051137323585	18521468959    	6000        	20180205113733	0	0	8361
ES201802051303503953	18521467170    	12000       	20180205130350	0	0	8361
ES201802051312582205	18521468696    	6000        	20180205131259	0	0	8361
ES201802051424145100	18521489157    	12000       	20180205142414	0	0	8361
ES201802051434089343	18521485559    	12000       	20180205143409	0	0	8361
ES201802051538486838	18521468169    	6000        	20180205153849	0	0	8361
ES201802051613009327	18521487805    	6000        	20180205161300	0	0	8361
ES201802051726516948	18521468296    	6000        	20180205172651	0	0	8361
ES201802051946274113	18521466706    	12000       	20180205194627	0	0	8361
ES201802052136148944	18521468845    	6000        	20180205213614	0	0	8361
ES201802052250521229	18521488224    	6000        	20180205225052	0	0	8361
