86        	606000      	20180126
ES201801261824292158	18521466671    	6000        	20180126182430	0	0	8361
ES201801261825152837	18521492067    	6000        	20180126182516	0	0	8361
ES201801261825412436	18521468208    	6000        	20180126182541	0	0	8361
ES201801261826427170	18521468823    	6000        	20180126182642	0	0	8361
ES201801261827134893	18521467087    	6000        	20180126182713	0	0	8361
ES201801261827310918	18521466318    	6000        	20180126182731	0	0	8361
ES201801261828426958	18521468116    	6000        	20180126182842	0	0	8361
ES201801261829163912	18521467578    	6000        	20180126182916	0	0	8361
ES201801261831095404	18521489783    	6000        	20180126183109	0	0	8361
ES201801261832359840	18521464636    	6000        	20180126183236	0	0	8361
ES201801261832502087	18521492285    	12000       	20180126183250	0	0	8361
ES201801261834044724	18521470118    	6000        	20180126183404	0	0	8361
ES201801261835487682	18521468780    	6000        	20180126183548	0	0	8361
ES201801261836577069	18521471371    	6000        	20180126183658	0	0	8361
ES201801261837293983	18521465970    	6000        	20180126183730	0	0	8361
ES201801261837376294	18521489618    	6000        	20180126183737	0	0	8361
ES201801261837467856	18521468468    	6000        	20180126183746	0	0	8361
ES201801261839298774	18521463313    	6000        	20180126183930	0	0	8361
ES201801261839441156	18521462991    	6000        	20180126183944	0	0	8361
ES201801261840187996	18521488001    	6000        	20180126184019	0	0	8361
ES201801261840416199	18521466429    	6000        	20180126184042	0	0	8361
ES201801261841237359	18521464950    	6000        	20180126184124	0	0	8361
ES201801261842186871	18521492258    	6000        	20180126184219	0	0	8361
ES201801261844083495	18521471380    	6000        	20180126184408	0	0	8361
ES201801261846449438	18521488073    	6000        	20180126184645	0	0	8361
ES201801261846401184	18521485596    	6000        	20180126184641	0	0	8361
ES201801261849083082	18521471969    	12000       	20180126184908	0	0	8361
ES201801261854138731	18521492761    	6000        	20180126185413	0	0	8361
ES201801261855073105	18521492157    	6000        	20180126185508	0	0	8361
ES201801261855119830	18521468616    	6000        	20180126185511	0	0	8361
ES201801261855407319	18521492805    	6000        	20180126185540	0	0	8361
ES201801261858542421	18521485289    	6000        	20180126185855	0	0	8361
ES201801261859418228	18521463198    	6000        	20180126185942	0	0	8361
ES201801261906573757	18521492202    	6000        	20180126190657	0	0	8361
ES201801261909423806	18521466136    	6000        	20180126190942	0	0	8361
ES201801261909523692	18521493427    	6000        	20180126190953	0	0	8361
ES201801261910204293	18521491737    	12000       	20180126191020	0	0	8361
ES201801261910469316	18521465286    	12000       	20180126191046	0	0	8361
ES201801261911584824	18521466776    	6000        	20180126191158	0	0	8361
ES201801261913173136	18521485178    	12000       	20180126191318	0	0	8361
ES201801261914061839	18521468836    	6000        	20180126191406	0	0	8361
ES201801261917412851	18521470871    	6000        	20180126191741	0	0	8361
ES201801261919003246	18521488136    	12000       	20180126191900	0	0	8361
ES201801261926215483	18521491974    	6000        	20180126192621	0	0	8361
ES201801261936065824	18521485257    	12000       	20180126193607	0	0	8361
ES201801261937218248	18521490269    	6000        	20180126193722	0	0	8361
ES201801261939012846	18521489345    	12000       	20180126193901	0	0	8361
ES201801261943358091	18521485628    	12000       	20180126194335	0	0	8361
ES201801261943271826	18521491958    	6000        	20180126194327	0	0	8361
ES201801261943410065	18521488707    	6000        	20180126194342	0	0	8361
ES201801261944289250	18521491170    	6000        	20180126194428	0	0	8361
ES201801261948208690	18521468556    	6000        	20180126194820	0	0	8361
ES201801261950102783	18521487868    	6000        	20180126195010	0	0	8361
ES201801261952406634	18521493656    	12000       	20180126195240	0	0	8361
ES201801261954309708	18521466756    	6000        	20180126195430	0	0	8361
ES201801261954549177	18521463157    	6000        	20180126195454	0	0	8361
ES201801261955194020	18521466101    	6000        	20180126195520	0	0	8361
ES201801261956128451	18521487447    	6000        	20180126195613	0	0	8361
ES201801261958591689	18521463001    	6000        	20180126195859	0	0	8361
ES201801262001283156	18521487781    	6000        	20180126200128	0	0	8361
ES201801262001589631	18521466563    	6000        	20180126200158	0	0	8361
ES201801262004555522	18521487378    	6000        	20180126200455	0	0	8361
ES201801262008438172	18521470578    	6000        	20180126200844	0	0	8361
ES201801262020488092	18521492186    	6000        	20180126202048	0	0	8361
ES201801262021377529	18521489886    	12000       	20180126202138	0	0	8361
ES201801262026306274	18521467117    	6000        	20180126202630	0	0	8361
ES201801262028043297	18521470986    	6000        	20180126202805	0	0	8361
ES201801262033487931	18521471357    	6000        	20180126203348	0	0	8361
ES201801262035229613	18521463003    	6000        	20180126203522	0	0	8361
ES201801262040172965	18521466650    	6000        	20180126204017	0	0	8361
ES201801262045128384	18521493493    	12000       	20180126204512	0	0	8361
ES201801262045207062	18521487465    	6000        	20180126204520	0	0	8361
ES201801262055539953	18521470759    	6000        	20180126205554	0	0	8361
ES201801262101305827	18521493749    	6000        	20180126210130	0	0	8361
ES201801262113406425	18521466197    	12000       	20180126211340	0	0	8361
ES201801262124496223	18521489327    	6000        	20180126212450	0	0	8361
ES201801262126039698	18521488885    	6000        	20180126212603	0	0	8361
ES201801262126176931	18521491793    	6000        	20180126212618	0	0	8361
ES201801262135148527	18521471215    	6000        	20180126213514	0	0	8361
ES201801262152055660	18521467816    	6000        	20180126215206	0	0	8361
ES201801262153064734	18521472178    	6000        	20180126215307	0	0	8361
ES201801262158137072	18521486962    	12000       	20180126215814	0	0	8361
ES201801262215331741	18521470423    	6000        	20180126221533	0	0	8361
ES201801262217592638	18521470608    	12000       	20180126221800	0	0	8361
ES201801262330493868	18521466705    	6000        	20180126233049	0	0	8361
ES201801262334468495	18521492815    	6000        	20180126233446	0	0	8361
