13        	96000       	20180214
ES201802140155137026	18521467801    	6000        	20180214015513	0	0	8361
ES201802140749537331	18521492092    	12000       	20180214074954	0	0	8361
ES201802140803333067	18521468368    	12000       	20180214080333	0	0	8361
ES201802141000369934	18521469793    	6000        	20180214100037	0	0	8361
ES201802141003185185	18521466467    	6000        	20180214100318	0	0	8361
ES201802141126049300	18521491294    	6000        	20180214112604	0	0	8361
ES201802141216362413	18521494249    	6000        	20180214121637	0	0	8361
ES201802141232222620	18521468640    	6000        	20180214123223	0	0	8361
ES201802141325099493	18521492680    	6000        	20180214132509	0	0	8361
ES201802141354111634	18521467806    	6000        	20180214135412	0	0	8361
ES201802141738080766	18521491932    	6000        	20180214173809	0	0	8361
ES201802142103375852	18521469547    	12000       	20180214210337	0	0	8361
ES201802142242495711	18521464645    	6000        	20180214224249	0	0	8361
