28        	192000      	20180226
ES201802261302075672	18521487151    	6000        	20180226130208	0	0	8361
ES201802261302117602	18521488716    	6000        	20180226130212	0	0	8361
ES201802261302160645	18521492448    	6000        	20180226130216	0	0	8361
ES201802261302200264	18521491303    	6000        	20180226130220	0	0	8361
ES201802261302256656	18521471160    	6000        	20180226130225	0	0	8361
ES201802261302309424	18521469854    	6000        	20180226130230	0	0	8361
ES201802261302340479	18521490326    	6000        	20180226130234	0	0	8361
ES201802261302381271	18521469029    	12000       	20180226130239	0	0	8361
ES201802261038070254	18521491149    	6000        	20180226103808	0	0	8361
ES201802261033232558	18521469328    	6000        	20180226103323	0	0	8361
ES201802261302435118	18521487474    	6000        	20180226130243	0	0	8361
ES201802261302478031	18521470456    	6000        	20180226130247	0	0	8361
ES201802261302518528	18521488284    	6000        	20180226130251	0	0	8361
ES201802260959199670	18521494309    	6000        	20180226095919	0	0	8361
ES201802261036341278	18521485557    	12000       	20180226103634	0	0	8361
ES201802261302552679	18521490856    	6000        	20180226130255	0	0	8361
ES201802260004191070	18521464668    	12000       	20180226000419	0	0	8361
ES201802260649400219	18521466336    	6000        	20180226064941	0	0	8361
ES201802261006073533	18521491226    	6000        	20180226100608	0	0	8361
ES201802261023321871	18521487906    	6000        	20180226102332	0	0	8361
ES201802261029155497	18521470431    	6000        	20180226102915	0	0	8361
ES201802261304184341	18521488992    	6000        	20180226130418	0	0	8361
ES201802261707560599	18521467383    	6000        	20180226170756	0	0	8361
ES201802261943093105	18521490045    	6000        	20180226194309	0	0	8361
ES201802262051475009	18521494023    	6000        	20180226205147	0	0	8361
ES201802262217170371	18521465186    	6000        	20180226221718	0	0	8361
ES201802262240077758	18521467825    	6000        	20180226224007	0	0	8361
ES201802262317273609	18521487913    	12000       	20180226231727	0	0	8361
