55        	384000      	20180130
ES201801300905285737	18521491625    	6000        	20180130090528	0	0	8361
ES201801300935113620	18521470516    	6000        	20180130093511	0	0	8361
ES201801300942349608	18521490068    	6000        	20180130094235	0	0	8361
ES201801300943174605	18521466446    	6000        	20180130094317	0	0	8361
ES201801300952323135	18521489281    	6000        	20180130095233	0	0	8361
ES201801301004536797	18521492517    	6000        	20180130100453	0	0	8361
ES201801301005280779	18521465891    	6000        	20180130100528	0	0	8361
ES201801301008531650	18521491920    	6000        	20180130100853	0	0	8361
ES201801301016004235	18521488054    	6000        	20180130101600	0	0	8361
ES201801301033013576	18521470920    	6000        	20180130103301	0	0	8361
ES201801301033502652	18521486989    	12000       	20180130103351	0	0	8361
ES201801301034027915	18521490783    	6000        	20180130103402	0	0	8361
ES201801301048061373	18521487918    	6000        	20180130104807	0	0	8361
ES201801301104536031	18521488623    	6000        	20180130110453	0	0	8361
ES201801301106533032	18521492309    	6000        	20180130110653	0	0	8361
ES201801301112148689	18521464658    	6000        	20180130111214	0	0	8361
ES201801301116293438	18521492429    	12000       	20180130111629	0	0	8361
ES201801301134596562	18521489321    	6000        	20180130113500	0	0	8361
ES201801301143058671	18521488409    	6000        	20180130114305	0	0	8361
ES201801301153311948	18521493363    	6000        	20180130115332	0	0	8361
ES201801301206057829	18521468889    	6000        	20180130120605	0	0	8361
ES201801301210323217	18521493058    	6000        	20180130121032	0	0	8361
ES201801301211362615	18521490512    	6000        	20180130121137	0	0	8361
ES201801301216064710	18521469449    	6000        	20180130121607	0	0	8361
ES201801301237129191	18521465167    	6000        	20180130123712	0	0	8361
ES201801301247134826	18521488130    	6000        	20180130124714	0	0	8361
ES201801301252258054	18521470891    	12000       	20180130125225	0	0	8361
ES201801301303276329	18521488113    	6000        	20180130130327	0	0	8361
ES201801301315046054	18521465361    	6000        	20180130131504	0	0	8361
ES201801301347464560	18521471887    	6000        	20180130134747	0	0	8361
ES201801301350593385	18521490983    	6000        	20180130135059	0	0	8361
ES201801301352437444	18521493782    	6000        	20180130135243	0	0	8361
ES201801301415528187	18521466449    	6000        	20180130141552	0	0	8361
ES201801301437343502	18521490603    	6000        	20180130143734	0	0	8361
ES201801301444021900	18521485595    	6000        	20180130144402	0	0	8361
ES201801301453431938	18521490619    	6000        	20180130145344	0	0	8361
ES201801301622282713	18521469120    	6000        	20180130162228	0	0	8361
ES201801301647351714	18521469591    	6000        	20180130164735	0	0	8361
ES201801301732259286	18521466983    	12000       	20180130173225	0	0	8361
ES201801301801166827	18521493965    	6000        	20180130180117	0	0	8361
ES201801301808351934	18521468790    	12000       	20180130180835	0	0	8361
ES201801301818192290	18521485183    	6000        	20180130181820	0	0	8361
ES201801301821536478	18521463068    	6000        	20180130182153	0	0	8361
ES201801301826106257	18521470862    	12000       	20180130182610	0	0	8361
ES201801301841406940	18521488876    	12000       	20180130184141	0	0	8361
ES201801301943141041	18521488929    	6000        	20180130194315	0	0	8361
ES201801301947094590	18521489554    	6000        	20180130194709	0	0	8361
ES201801301955587186	18521491659    	6000        	20180130195558	0	0	8361
ES201801302003142785	18521490256    	6000        	20180130200315	0	0	8361
ES201801302002441990	18521489687    	6000        	20180130200244	0	0	8361
ES201801302046529158	18521466138    	6000        	20180130204652	0	0	8361
ES201801302135033640	18521466180    	12000       	20180130213503	0	0	8361
ES201801302157357381	18521488447    	12000       	20180130215735	0	0	8361
ES201801302207160888	18521491956    	6000        	20180130220716	0	0	8361
ES201801302307131692	18521489005    	6000        	20180130230713	0	0	8361
