14        	102000      	20180211
ES201802110127120535	18521493390    	6000        	20180211012713	0	0	8361
ES201802110228381713	18521485690    	6000        	20180211022838	0	0	8361
ES201802110938535624	18521494460    	12000       	20180211093854	0	0	8361
ES201802110944307203	18521470094    	6000        	20180211094430	0	0	8361
ES201802111105358008	18521494157    	12000       	20180211110535	0	0	8361
ES201802111239552318	18521465141    	6000        	20180211123955	0	0	8361
ES201802111241317145	18521490813    	6000        	20180211124132	0	0	8361
ES201802111304175157	18521470636    	6000        	20180211130417	0	0	8361
ES201802111426492681	18521487127    	6000        	20180211142650	0	0	8361
ES201802111651338061	18521468387    	6000        	20180211165133	0	0	8361
ES201802111806027007	18521468187    	6000        	20180211180603	0	0	8361
ES201802112057479759	18521466076    	6000        	20180211205748	0	0	8361
ES201802112139118783	18521493203    	12000       	20180211213911	0	0	8361
ES201802112147368969	18521469786    	6000        	20180211214736	0	0	8361
