9         	60000       	20180128
ES201801281249543230	18521493278    	6000        	20180128124954	0	0	8361
ES201801281256363158	18521467198    	6000        	20180128125636	0	0	8361
ES201801281257532610	18521493468    	6000        	20180128125754	0	0	8361
ES201801281543471015	18521488296    	6000        	20180128154347	0	0	8361
ES201801281624105688	18521492306    	6000        	20180128162410	0	0	8361
ES201801281719370564	18521488569    	6000        	20180128171937	0	0	8361
ES201801281839444969	18521485756    	6000        	20180128183944	0	0	8361
ES201801281914284651	18521464696    	6000        	20180128191429	0	0	8361
ES201801282314395663	18521472152    	12000       	20180128231439	0	0	8361
