45        	306000      	20180207
ES201802070921547217	18521490661    	6000        	20180207092154	0	0	8361
ES201802070924189614	18521470520    	6000        	20180207092419	0	0	8361
ES201802070939101453	18521491727    	6000        	20180207093911	0	0	8361
ES201802070956321309	18521470553    	6000        	20180207095632	0	0	8361
ES201802071004204178	18521494250    	12000       	20180207100420	0	0	8361
ES201802071015249660	18521493719    	6000        	20180207101525	0	0	8361
ES201802071045299727	18521468728    	6000        	20180207104530	0	0	8361
ES201802071048269381	18521472260    	6000        	20180207104827	0	0	8361
ES201802071050117259	18521466032    	6000        	20180207105012	0	0	8361
ES201802071107146691	18521493304    	6000        	20180207110714	0	0	8361
ES201802071108294090	18521471967    	6000        	20180207110830	0	0	8361
ES201802071112250750	18521466816    	12000       	20180207111226	0	0	8361
ES201802071117586582	18521465009    	6000        	20180207111759	0	0	8361
ES201802071127428515	18521493846    	6000        	20180207112743	0	0	8361
ES201802071127527963	18521488370    	6000        	20180207112752	0	0	8361
ES201802071141036433	18521465869    	6000        	20180207114104	0	0	8361
ES201802071150561931	18521467815    	12000       	20180207115056	0	0	8361
ES201802071154306908	18521493338    	6000        	20180207115430	0	0	8361
ES201802071157053192	18521491718    	6000        	20180207115705	0	0	8361
ES201802071217594025	18521468995    	6000        	20180207121759	0	0	8361
ES201802071230386981	18521485767    	12000       	20180207123038	0	0	8361
ES201802071240013708	18521463132    	6000        	20180207124001	0	0	8361
ES201802071252469392	18521465956    	6000        	20180207125247	0	0	8361
ES201802071301451886	18521485610    	6000        	20180207130145	0	0	8361
ES201802071406496180	18521489693    	6000        	20180207140649	0	0	8361
ES201802071418587216	18521493469    	6000        	20180207141858	0	0	8361
ES201802071533201425	18521487220    	6000        	20180207153320	0	0	8361
ES201802071556278827	18521487886    	6000        	20180207155627	0	0	8361
ES201802071605010999	18521465436    	12000       	20180207160501	0	0	8361
ES201802071606528753	18521470739    	6000        	20180207160652	0	0	8361
ES201802071611299908	18521485335    	6000        	20180207161129	0	0	8361
ES201802071632077504	18521489767    	6000        	20180207163207	0	0	8361
ES201802071646515642	18521463040    	6000        	20180207164652	0	0	8361
ES201802071710379369	18521471376    	6000        	20180207171038	0	0	8361
ES201802071726120613	18521490471    	6000        	20180207172612	0	0	8361
ES201802071758274732	18521470349    	6000        	20180207175827	0	0	8361
ES201802071924581382	18521468613    	6000        	20180207192458	0	0	8361
ES201802071928498955	18521465068    	6000        	20180207192849	0	0	8361
ES201802071957152424	18521492112    	6000        	20180207195716	0	0	8361
ES201802072033290447	18521491075    	12000       	20180207203330	0	0	8361
ES201802072114341062	18521490349    	6000        	20180207211435	0	0	8361
ES201802072149320252	18521466182    	6000        	20180207214933	0	0	8361
ES201802072216344165	18521488004    	6000        	20180207221635	0	0	8361
ES201802072239226970	18521471470    	6000        	20180207223923	0	0	8361
ES201802072359263241	18521472210    	6000        	20180207235926	0	0	8361
