24        	180000      	20180208
ES201802080026584965	18521493948    	12000       	20180208002658	0	0	8361
ES201802080706274250	18521490969    	6000        	20180208070627	0	0	8361
ES201802080822000769	18521487487    	6000        	20180208082200	0	0	8361
ES201802081003394727	18521465568    	12000       	20180208100340	0	0	8361
ES201802081020139378	18521489580    	6000        	20180208102014	0	0	8361
ES201802081022203968	18521492318    	6000        	20180208102221	0	0	8361
ES201802081059566398	18521489707    	12000       	20180208105956	0	0	8361
ES201802081113574742	18521491925    	12000       	20180208111358	0	0	8361
ES201802081213128236	18521471895    	6000        	20180208121312	0	0	8361
ES201802081228528579	18521489626    	6000        	20180208122852	0	0	8361
ES201802081251203530	18521493726    	6000        	20180208125120	0	0	8361
ES201802081352450323	18521489319    	6000        	20180208135245	0	0	8361
ES201802081450259928	18521490215    	6000        	20180208145025	0	0	8361
ES201802081511595840	18521471347    	6000        	20180208151200	0	0	8361
ES201802081551114327	18521491723    	6000        	20180208155111	0	0	8361
ES201802081638091203	18521491192    	6000        	20180208163809	0	0	8361
ES201802081737121516	18521465115    	12000       	20180208173712	0	0	8361
ES201802081755240771	18521466505    	6000        	20180208175525	0	0	8361
ES201802081818559042	18521466962    	6000        	20180208181855	0	0	8361
ES201802081845269949	18521491997    	6000        	20180208184526	0	0	8361
ES201802081852574926	18521492885    	12000       	20180208185258	0	0	8361
ES201802081857287096	18521471732    	6000        	20180208185729	0	0	8361
ES201802082116111648	18521469371    	6000        	20180208211611	0	0	8361
ES201802082353259767	18521490034    	6000        	20180208235326	0	0	8361
