39        	270000      	20180131
ES201801310030207347	18521493882    	12000       	20180131003020	0	0	8361
ES201801310036257059	18521491831    	12000       	20180131003625	0	0	8361
ES201801310440466875	18521493284    	6000        	20180131044046	0	0	8361
ES201801310741398903	18521489573    	6000        	20180131074139	0	0	8361
ES201801310912538504	18521472247    	6000        	20180131091254	0	0	8361
ES201801310918344308	18521468287    	6000        	20180131091834	0	0	8361
ES201801310928342115	18521488185    	6000        	20180131092834	0	0	8361
ES201801311014599623	18521471136    	6000        	20180131101500	0	0	8361
ES201801311049395583	18521489557    	6000        	20180131104940	0	0	8361
ES201801311243236426	18521463516    	6000        	20180131124323	0	0	8361
ES201801311307232152	18521485221    	12000       	20180131130724	0	0	8361
ES201801311312176744	18521489825    	6000        	20180131131217	0	0	8361
ES201801311312435513	18521466718    	6000        	20180131131243	0	0	8361
ES201801311318357468	18521492244    	6000        	20180131131835	0	0	8361
ES201801311319461595	18521466069    	6000        	20180131131946	0	0	8361
ES201801311352531912	18521468865    	6000        	20180131135253	0	0	8361
ES201801311410103353	18521491456    	6000        	20180131141011	0	0	8361
ES201801311417394464	18521465018    	6000        	20180131141740	0	0	8361
ES201801311441079339	18521463004    	12000       	20180131144107	0	0	8361
ES201801311635451961	18521465181    	6000        	20180131163545	0	0	8361
ES201801311636431003	18521491193    	6000        	20180131163644	0	0	8361
ES201801311711021571	18521490979    	6000        	20180131171102	0	0	8361
ES201801311810345974	18521465581    	6000        	20180131181035	0	0	8361
ES201801311813451841	18521469901    	6000        	20180131181345	0	0	8361
ES201801311838230464	18521468759    	6000        	20180131183824	0	0	8361
ES201801311912278349	18521470813    	6000        	20180131191228	0	0	8361
ES201801311919083945	18521463216    	6000        	20180131191908	0	0	8361
ES201801311919539854	18521492014    	6000        	20180131191954	0	0	8361
ES201801311921042911	18521487969    	6000        	20180131192104	0	0	8361
ES201801311929532898	18521490129    	6000        	20180131192953	0	0	8361
ES201801312020069905	18521492316    	12000       	20180131202006	0	0	8361
ES201801312051434980	18521490331    	6000        	20180131205143	0	0	8361
ES201801312129189399	18521488664    	12000       	20180131212918	0	0	8361
ES201801312141143899	18521493176    	6000        	20180131214115	0	0	8361
ES201801312146183694	18521489625    	6000        	20180131214618	0	0	8361
ES201801312241598537	18521465058    	6000        	20180131224200	0	0	8361
ES201801312305142151	18521492273    	6000        	20180131230515	0	0	8361
ES201801312314477233	18521469727    	6000        	20180131231447	0	0	8361
ES201801312315460939	18521490794    	6000        	20180131231547	0	0	8361
