13        	96000       	20180206
ES201802060107449258	18521471203    	6000        	20180206010744	0	0	8361
ES201802060125360651	18521464647    	12000       	20180206012536	0	0	8361
ES201802061307127441	18521493370    	6000        	20180206130713	0	0	8361
ES201802061427511193	18521467876    	6000        	20180206142752	0	0	8361
ES201802061435134895	18521492290    	6000        	20180206143513	0	0	8361
ES201802061546270947	18521471227    	6000        	20180206154627	0	0	8361
ES201802061548456903	18521470258    	6000        	20180206154846	0	0	8361
ES201802061623549471	18521491270    	12000       	20180206162354	0	0	8361
ES201802061714137564	18521470819    	6000        	20180206171413	0	0	8361
ES201802061859438180	18521487270    	6000        	20180206185944	0	0	8361
ES201802062013299622	18521468978    	6000        	20180206201330	0	0	8361
ES201802062047433342	18521471386    	12000       	20180206204743	0	0	8361
ES201802062208444074	18521468289    	6000        	20180206220844	0	0	8361
