11        	78000       	20180215
ES201802150026428045	18521489962    	6000        	20180215002643	0	0	8361
ES201802150644215867	18521490181    	6000        	20180215064422	0	0	8361
ES201802150901430133	18521488361    	6000        	20180215090144	0	0	8361
ES201802151205148326	18521472134    	12000       	20180215120514	0	0	8361
ES201802151215297353	18521488341    	6000        	20180215121529	0	0	8361
ES201802151303209244	18521488144    	6000        	20180215130320	0	0	8361
ES201802151833426701	18521469510    	12000       	20180215183342	0	0	8361
ES201802151937298773	18521491543    	6000        	20180215193730	0	0	8361
ES201802152154108466	18521489960    	6000        	20180215215410	0	0	8361
ES201802152258235013	18521488363    	6000        	20180215225824	0	0	8361
ES201802152305239638	18521489318    	6000        	20180215230524	0	0	8361
