24        	168000      	20180201
ES201802010559408107	18521469013    	6000        	20180201055941	0	0	8361
ES201802010619458443	18521468095    	6000        	20180201061946	0	0	8361
ES201802010839209441	18521493132    	6000        	20180201083920	0	0	8361
ES201802010920346967	18521488350    	12000       	20180201092035	0	0	8361
ES201802011011435514	18521472145    	6000        	20180201101143	0	0	8361
ES201802011023067331	18521491623    	12000       	20180201102306	0	0	8361
ES201802011024095902	18521488925    	12000       	20180201102409	0	0	8361
ES201802011026179975	18521492381    	6000        	20180201102618	0	0	8361
ES201802011127321778	18521488675    	6000        	20180201112732	0	0	8361
ES201802011145347981	18521467152    	6000        	20180201114534	0	0	8361
ES201802011203368896	18521488110    	6000        	20180201120336	0	0	8361
ES201802011209097713	18521488437    	6000        	20180201120909	0	0	8361
ES201802011256048899	18521471070    	6000        	20180201125604	0	0	8361
ES201802011310121788	18521470958    	6000        	20180201131013	0	0	8361
ES201802011355323893	18521491050    	6000        	20180201135533	0	0	8361
ES201802011356433750	18521488956    	6000        	20180201135643	0	0	8361
ES201802011421318113	18521469192    	6000        	20180201142131	0	0	8361
ES201802011457163468	18521469464    	12000       	20180201145717	0	0	8361
ES201802011634371818	18521488169    	6000        	20180201163437	0	0	8361
ES201802011804022354	18521487685    	6000        	20180201180402	0	0	8361
ES201802011830328291	18521487856    	6000        	20180201183032	0	0	8361
ES201802011900535408	18521489617    	6000        	20180201190054	0	0	8361
ES201802011908235732	18521470706    	6000        	20180201190824	0	0	8361
ES201802012055315355	18521465328    	6000        	20180201205531	0	0	8361
