11        	72000       	20180221
ES201802210858270996	18521471485    	6000        	20180221085827	0	0	8361
ES201802211153442932	18521467451    	6000        	20180221115344	0	0	8361
ES201802211157304626	18521490408    	6000        	20180221115731	0	0	8361
ES201802211350498569	18521472208    	6000        	20180221135049	0	0	8361
ES201802211351564555	18521466308    	6000        	20180221135157	0	0	8361
ES201802211509360425	18521490806    	6000        	20180221150937	0	0	8361
ES201802211926539328	18521493440    	6000        	20180221192653	0	0	8361
ES201802212021377750	18521493803    	6000        	20180221202137	0	0	8361
ES201802212132015273	18521488721    	6000        	20180221213201	0	0	8361
ES201802212149156989	18521470205    	12000       	20180221214915	0	0	8361
ES201802212220252840	18521467173    	6000        	20180221222025	0	0	8361
