34        	234000      	20180127
ES201801270047446979	18521469112    	6000        	20180127004744	0	0	8361
ES201801270217090807	18521490436    	12000       	20180127021709	0	0	8361
ES201801270244500225	18521485138    	6000        	20180127024450	0	0	8361
ES201801270602320102	18521493856    	6000        	20180127060232	0	0	8361
ES201801270655078998	18521466613    	6000        	20180127065508	0	0	8361
ES201801270734000549	18521469581    	6000        	20180127073400	0	0	8361
ES201801270849526067	18521488872    	6000        	20180127084952	0	0	8361
ES201801270917009178	18521465515    	6000        	20180127091700	0	0	8361
ES201801270918050751	18521494136    	12000       	20180127091805	0	0	8361
ES201801270953449006	18521472268    	6000        	20180127095344	0	0	8361
ES201801271007229765	18521470044    	6000        	20180127100722	0	0	8361
ES201801271040246422	18521467715    	6000        	20180127104024	0	0	8361
ES201801271053148487	18521471144    	6000        	20180127105314	0	0	8361
ES201801271057267032	18521466269    	6000        	20180127105726	0	0	8361
ES201801271118322893	18521469558    	6000        	20180127111832	0	0	8361
ES201801271123205199	18521494396    	12000       	20180127112320	0	0	8361
ES201801271145279858	18521462856    	6000        	20180127114527	0	0	8361
ES201801271206545787	18521466246    	6000        	20180127120654	0	0	8361
ES201801271212359887	18521467892    	6000        	20180127121236	0	0	8361
ES201801271324268642	18521489579    	6000        	20180127132426	0	0	8361
ES201801271334394168	18521492505    	6000        	20180127133440	0	0	8361
ES201801271430371289	18521467985    	12000       	20180127143037	0	0	8361
ES201801271532408694	18521467894    	6000        	20180127153240	0	0	8361
ES201801271533135515	18521488937    	6000        	20180127153313	0	0	8361
ES201801271737073709	18521489360    	6000        	20180127173708	0	0	8361
ES201801271742179840	18521468896    	6000        	20180127174218	0	0	8361
ES201801271822384186	18521470050    	6000        	20180127182239	0	0	8361
ES201801271935082494	18521465740    	12000       	20180127193508	0	0	8361
ES201801271947246974	18521466290    	6000        	20180127194724	0	0	8361
ES201801271957159484	18521472234    	6000        	20180127195716	0	0	8361
ES201801272118386888	18521489315    	6000        	20180127211838	0	0	8361
ES201801272146102909	18521470006    	6000        	20180127214610	0	0	8361
ES201801272217100273	18521471741    	6000        	20180127221710	0	0	8361
ES201801272255559470	18521488984    	6000        	20180127225555	0	0	8361
