14        	96000       	20180210
ES201802100344473161	18521467871    	6000        	20180210034447	0	0	8361
ES201802101121514063	18521488192    	12000       	20180210112151	0	0	8361
ES201802101314385268	18521491904    	6000        	20180210131439	0	0	8361
ES201802101355482803	18521487435    	6000        	20180210135549	0	0	8361
ES201802101601359617	18521467367    	6000        	20180210160136	0	0	8361
ES201802101604104766	18521490871    	6000        	20180210160411	0	0	8361
ES201802101646416518	18521464864    	6000        	20180210164641	0	0	8361
ES201802101656187283	18521491878    	6000        	20180210165619	0	0	8361
ES201802101755056640	18521494220    	12000       	20180210175506	0	0	8361
ES201802101932004866	18521470298    	6000        	20180210193201	0	0	8361
ES201802102037530500	18521466387    	6000        	20180210203753	0	0	8361
ES201802102048393035	18521491891    	6000        	20180210204839	0	0	8361
ES201802102143332332	18521466153    	6000        	20180210214333	0	0	8361
ES201802102340311851	18521469662    	6000        	20180210234032	0	0	8361
