14        	108000      	20180209
ES201802090608452612	18521469095    	6000        	20180209060846	0	0	8361
ES201802090959458860	18521466554    	6000        	20180209095946	0	0	8361
ES201802091034528106	18521464768    	6000        	20180209103452	0	0	8361
ES201802091054011792	18521465968    	6000        	20180209105402	0	0	8361
ES201802091105349058	18521491624    	6000        	20180209110535	0	0	8361
ES201802091127356694	18521488653    	12000       	20180209112735	0	0	8361
ES201802091206338988	18521469345    	6000        	20180209120633	0	0	8361
ES201802091349012714	18521469428    	6000        	20180209134901	0	0	8361
ES201802091503561747	18521470987    	12000       	20180209150356	0	0	8361
ES201802091726073150	18521468992    	6000        	20180209172607	0	0	8361
ES201802091743349064	18521469636    	6000        	20180209174334	0	0	8361
ES201802091806444734	18521463115    	12000       	20180209180644	0	0	8361
ES201802091847342390	18521471884    	12000       	20180209184734	0	0	8361
ES201802092015073176	18521488107    	6000        	20180209201507	0	0	8361
