25        	180000      	20180228
ES201802280049367334	18521466314    	6000        	20180228004936	0	0	8361
ES201802280117530272	18521487228    	6000        	20180228011753	0	0	8361
ES201802280628337013	18521491857    	6000        	20180228062833	0	0	8361
ES201802280923545810	18521471770    	12000       	20180228092354	0	0	8361
ES201802280943393159	18521470238    	6000        	20180228094339	0	0	8361
ES201802281004556363	18521464765    	6000        	20180228100455	0	0	8361
ES201802281130223539	18521494147    	6000        	20180228113023	0	0	8361
ES201802281348134066	18521472140    	6000        	20180228134813	0	0	8361
ES201802281348558181	18521469650    	6000        	20180228134855	0	0	8361
ES201802281424433291	18521494271    	6000        	20180228142443	0	0	8361
ES201802281448247171	18521463505    	12000       	20180228144824	0	0	8361
ES201802281554495749	18521465896    	6000        	20180228155449	0	0	8361
ES201802281629371535	18521470310    	6000        	20180228162937	0	0	8361
ES201802281640485235	18521463332    	6000        	20180228164049	0	0	8361
ES201802281702036119	18521463528    	6000        	20180228170204	0	0	8361
ES201802281754407421	18521488261    	6000        	20180228175440	0	0	8361
ES201802281840215530	18521468325    	6000        	20180228184021	0	0	8361
ES201802281849503964	18521466344    	12000       	20180228184951	0	0	8361
ES201802282016346459	18521491839    	12000       	20180228201634	0	0	8361
ES201802282042079838	18521465602    	6000        	20180228204207	0	0	8361
ES201802282056338210	18521491086    	6000        	20180228205633	0	0	8361
ES201802282110133859	18521488125    	12000       	20180228211014	0	0	8361
ES201802282213238984	18521469648    	6000        	20180228221323	0	0	8361
ES201802282310266441	18521467129    	6000        	20180228231026	0	0	8361
ES201802282351422199	18521492018    	6000        	20180228235142	0	0	8361
